Filename : /home/kelsey/simulations/simdat/flight/251221/FPSI/starlink251221_
Beta High : 1.800000
Beta Low : 0.200000
Beta Bins : 25
Trigger Requirement : 2
Beta = [0.232,0.296,0.36,0.424,0.488,0.552,0.616,0.68,0.744,0.808,0.872,0.936,1,1.064,1.128,1.192,1.256,1.32,1.384,1.448,1.512,1.576,1.64,1.704,1.768]
Cos(theta) = [0.05,0.15,0.25,0.35,0.45,0.55,0.65,0.75,0.85,0.95]
EdepTKR = [0,1.40346,1.72402,1.75835,1.63616,1.3075,1.04792,0.958671,0.916037,0.866633,0.850451,0.814479,0.824104,0.825842,0.796311,0.806439,0.82921,0.800948,0.786706,0.812267,0.791061,0.789591,0.818456,0.854373,0.75807]
EdepTOF = [0,1.34604,2.03101,1.98257,1.84532,1.57915,1.32607,1.17923,1.12036,1.07292,1.02228,1.01568,1.01063,1.0079,1.0181,1.01854,1.02621,1.02214,0.993778,0.990609,0.971455,0.9857,0.992737,0.998292,0.92241]
h2dbetaTKR_full Nentries = 27369
h2dbetaTOF_full Nentries = 70543
