Filename : /home/kelsey/simulations/simdat/ground/251204/25.10/et
Beta High : 1.800000
Beta Low : 0.200000
Beta Bins : 25
Trigger Requirement : 0
Beta = [0.232,0.296,0.36,0.424,0.488,0.552,0.616,0.68,0.744,0.808,0.872,0.936,1,1.064,1.128,1.192,1.256,1.32,1.384,1.448,1.512,1.576,1.64,1.704,1.768]
Cos(theta) = [0.05,0.15,0.25,0.35,0.45,0.55,0.65,0.75,0.85,0.95]
EdepTKR = [0.8386,0.842973,1.07266,1.43813,1.56931,1.27828,0.978997,0.867438,0.843496,0.834243,0.832385,0.829817,0.826361,0.819916,0.815834,0.815109,0.820912,0.820506,0.817534,0.825143,0.824932,0.829163,0.824632,0.831021,0.838899]
EdepTOF = [1.01687,1.09371,1.22581,1.28386,1.18034,1.06907,0.977293,0.941042,0.935264,0.932064,0.930032,0.92815,0.920554,0.916743,0.91495,0.912842,0.916022,0.90963,0.901731,0.900717,0.903808,0.895703,0.891352,0.886373,0.888834]
h2dbetaTKR_full Nentries = 678332
h2dbetaTOF_full Nentries = 2.16034e+06
