Filename : /home/kelsey/simulations/simdat/flight/251221/v26.03/mer
Beta High : 1.800000
Beta Low : 0.200000
Beta Bins : 25
Trigger Requirement : 2
Beta = [0.232,0.296,0.36,0.424,0.488,0.552,0.616,0.68,0.744,0.808,0.872,0.936,1,1.064,1.128,1.192,1.256,1.32,1.384,1.448,1.512,1.576,1.64,1.704,1.768]
Cos(theta) = [0.05,0.15,0.25,0.35,0.45,0.55,0.65,0.75,0.85,0.95]
EdepTKR = [1.09122,1.06826,1.42856,1.5775,1.53481,1.42238,1.21657,1.03651,0.920904,0.885611,0.854413,0.850928,0.839747,0.834075,0.825071,0.835038,0.809825,0.800806,0.804398,0.811687,0.815451,0.806445,0.811552,0.814,0.833339]
EdepTOF = [1.33805,1.54466,1.55384,1.54177,1.51094,1.40261,1.27251,1.145,1.06093,1.01957,0.999294,0.991237,0.987798,0.990795,0.975483,0.969662,0.958949,0.966411,0.954855,0.971457,0.967621,0.973782,0.94612,0.938148,0.967946]
h2dbetaTKR_full Nentries = 106807
h2dbetaTOF_full Nentries = 223536
